$ 1 5.0E-6 2.4737822143832555 49 5.0 43
w 352 192 352 160 0
w 352 112 416 112 0
w 416 112 480 112 0
w 544 112 608 112 0
d 544 112 544 160 1 0.805904783
d 352 112 352 160 1 0.805904783
t 560 160 608 160 0 1 5.5500065484369E-19 3.6757420419269105E-19 100.0
w 608 112 608 144 0
t 608 176 656 176 0 1 1.87426450650999E-19 -3.6757420401357273E-19 100.0
w 608 112 656 112 0
w 656 112 656 160 0
w 656 192 656 208 0
w 656 208 592 208 0
t 592 208 560 208 0 1 -1.791183218793155E-28 -1.791183218793155E-28 100.0
w 544 160 544 224 0
w 560 224 560 240 0
w 560 240 592 240 0
w 592 240 592 288 0
d 592 288 592 320 1 0.805904783
g 592 320 592 352 0
r 656 208 656 240 0 100000.0
w 592 288 624 288 0
w 656 240 704 240 0
O 704 240 704 208 0
t 624 288 656 288 0 -1 -5.47885662025636E-19 0.0 100.0
w 656 240 656 272 0
g 656 304 656 352 0
t 512 304 544 304 0 1 5.478856620219691E-19 -3.6668457474145994E-30 100.0
w 512 256 512 272 0
t 480 288 512 288 0 1 1.1037140171374979E-18 8.27700271838605E-22 100.0
g 544 320 544 352 0
r 512 320 512 336 0 100000.0
g 512 336 512 352 0
w 560 224 544 224 0
w 544 224 544 288 0
w 592 240 656 240 0
w 544 288 592 288 0
t 448 304 480 304 0 -1 0.0 -8.277002681717593E-22 100.0
g 480 320 480 352 0
w 448 304 448 208 0
c 448 176 448 208 0 1.0E-5 0.001
w 512 256 512 112 0
w 512 112 544 112 0
d 480 112 480 160 1 0.805904783
w 480 160 448 160 0
w 448 160 448 176 0
w 480 160 480 288 0
w 480 112 512 112 0
w 448 304 416 304 0
t 384 320 416 320 0 1 -5.198649329995032E-20 -5.198649329995032E-20 100.0
t 384 320 352 320 0 1 0.0 -5.198649329995032E-20 100.0
w 352 304 352 288 0
w 352 288 384 288 0
w 384 288 384 320 0
g 352 336 352 352 0
g 416 336 416 352 0
t 432 192 400 192 1 -1 -3.53005646249658E-22 1.7826785135612177E-20 100.0
t 400 208 368 208 0 -1 -1.8179790781861835E-20 3.572506783377523E-19 100.0
g 400 176 400 160 0
t 304 208 336 208 0 -1 3.2182111585986407E-20 3.556260874056502E-19 100.0
t 272 192 304 192 1 -1 -3.845511012419172E-22 1.9419830612721995E-20 100.0
g 304 176 304 160 0
w 336 192 352 192 0
w 352 192 368 192 0
w 352 224 352 288 0
w 368 224 368 256 0
w 368 256 416 256 0
w 416 256 416 304 0
x 229 172 279 175 0 12 (-) Input
x 249 312 305 315 0 12 (+) Input
w 432 192 432 288 0
w 432 288 272 288 0
x 679 262 722 265 0 12 Output
w 480 112 480 80 0
x 455 94 473 97 0 12 V+
x 662 221 694 224 0 12 R(sc)
w 544 160 560 160 0
w 512 304 512 320 0
w 336 224 352 224 0
o 23 64 0 34 7.62939453125E-5 9.765625E-5 0 -1
o 73 64 0 35 7.62939453125E-5 9.765625E-5 1 -1
o 71 64 0 35 7.62939453125E-5 9.765625E-5 2 -1
