$ 1 5.0E-6 19.867427341514983 50 5.0 43
R 416 208 416 144 0 0 40.0 -1.5 0.0 0.0 0.5
R 512 208 512 144 0 0 40.0 6.0 0.0 0.0 0.5
r 416 208 416 272 0 1000.0
r 512 208 512 272 0 37.0
O 512 272 592 272 0
t 464 288 512 288 0 1 -6.604680701148636 -0.6046807011523363 231.0
r 368 288 320 288 0 1000.0
w 416 272 416 288 0
w 464 288 416 288 0
d 416 352 416 288 1 0.805904783
g 416 352 416 384 0
w 368 288 416 288 0
r 320 288 320 352 0 50.0
w 320 352 416 352 0
w 416 352 512 352 0
w 512 304 512 352 0
O 512 352 576 352 0
O 320 288 272 288 0
O 320 352 272 352 0
x 295 108 587 135 1 18 Saturated Turn-Off Switching Time\nTransistor NPN 2n4401 230hFE
o 4 64 0 34 10.0 9.765625E-5 0 -1
o 16 64 0 34 7.62939453125E-5 9.765625E-5 1 -1
o 17 64 0 34 0.3125 9.765625E-5 2 -1
o 18 64 0 34 7.62939453125E-5 9.765625E-5 3 -1
o 5 64 6 35 10.0 9.765625E-5 4 -1
