$ 1 5.0E-6 19.867427341514983 50 5.0 43
R 400 320 400 368 0 0 40.0 -1.5 0.0 0.0 0.5
R 496 320 496 368 0 0 40.0 6.0 0.0 0.0 0.5
r 400 256 400 320 0 1000.0
r 496 256 496 320 0 37.0
O 496 224 576 224 0
t 448 240 496 240 1 1 -6.604680701148636 -0.6046807011523363 700.0
r 352 240 304 240 0 1000.0
w 400 240 400 256 0
w 448 240 400 240 0
d 400 160 400 240 1 0.805904783
g 400 160 400 128 0
w 352 240 400 240 0
r 304 240 304 160 0 50.0
w 304 160 400 160 0
w 400 160 496 160 0
w 496 224 496 160 0
O 496 160 560 160 0
O 304 240 256 240 0
O 304 160 256 160 0
x 292 60 587 87 1 18 Saturated Turn-Off Switching Time\nTransistor NPN HSD965 700hFE
o 4 64 0 34 7.62939453125E-5 9.765625E-5 0 -1
o 16 64 0 34 7.62939453125E-5 9.765625E-5 1 -1
o 17 64 0 34 0.3125 9.765625E-5 2 -1
o 18 64 0 34 7.62939453125E-5 9.765625E-5 3 -1
o 5 64 6 35 10.0 9.765625E-5 4 -1
