$ 1 5.0E-6 1.4391916095149893 38 5.0 43
169 368 208 320 208 0 4.0 10.0 3.3141346751161556 -0.5908758518110085 -0.03335623717758175
r 368 128 320 128 0 220.0
w 320 128 320 144 0
w 368 128 368 144 0
v 512 128 512 160 0 0 40.0 5.0 0.0 0.0 0.5
s 336 240 384 240 0 1 false
d 304 272 304 240 1 1.5
w 304 240 304 176 0
w 320 176 304 176 0
r 288 272 240 272 0 4700000.0
c 240 208 144 208 0 0.001 9.987684410406317E-4
l 176 240 224 240 0 1300.0 -4.351481981381416E-8
w 512 128 384 128 0
w 512 160 512 304 0
w 240 240 240 272 0
c 240 304 240 336 0 0.38 -0.04024700526616076
162 272 192 272 144 1 -2.7 1.0 0.0 0.0
s 144 336 144 240 0 1 true
w 272 192 272 224 0
w 176 240 144 240 0
w 240 304 288 304 2
w 304 304 304 272 0
w 368 128 384 128 0
r 272 144 320 144 0 15.0
w 272 224 320 224 0
w 336 224 336 240 0
w 320 208 320 224 0
w 320 224 336 224 0
w 240 208 240 240 0
w 144 208 144 240 0
w 144 336 240 336 2
w 512 336 448 336 0
w 448 336 240 336 2
w 240 272 224 272 0
w 224 240 224 272 0
w 288 304 288 272 0
w 288 304 304 304 0
w 512 304 512 336 0
t 448 304 448 272 0 1 0.7906174688108374 0.7671470885632381 230.0
t 432 272 432 240 0 1 0.7906174688108374 0.7671470885632381 230.0
w 448 304 416 304 0
r 416 288 416 272 0 5000.0
w 400 272 400 256 0
r 400 256 400 240 0 150.0
w 416 288 416 304 0
w 416 272 432 272 0
w 400 272 416 272 0
w 416 240 400 240 0
w 464 272 480 272 0
w 448 240 480 240 0
w 480 240 480 272 0
d 400 224 480 224 1 0.805904783
w 400 224 400 256 0
w 400 256 400 240 0
w 480 224 480 240 0
w 400 240 384 240 0
w 368 208 496 208 0
w 496 208 496 240 0
w 496 240 480 240 0
w 448 304 448 336 0
O 240 304 192 304 1
O 240 336 240 384 1
x 174 365 300 368 0 10 Connected to xenon lamp
x 468 306 621 309 0 10 cassette made from 2x 2n4401
x 199 65 491 92 1 18 HVPE with substitution of HSD965\nto 2 x 2n4401 as darlington pair
o 15 64 0 35 0.078125 0.8 0 -1
o 10 64 0 35 0.001220703125 9.765625E-5 1 -1
o 11 64 0 35 0.001220703125 9.765625E-5 2 -1
