$ 1 5.0E-6 367.14183336838653 38 5.0 43
169 480 160 432 160 0 4.0 10.0 5.477449650383196 -0.07923238959242918 -0.07923238959242918
r 480 80 432 80 0 220.0
w 432 80 432 96 0
w 480 80 480 96 0
v 656 80 656 112 0 0 40.0 5.0 0.0 0.0 0.5
s 448 192 496 192 0 0 false
d 416 224 416 192 1 1.5
w 416 192 416 128 0
w 432 128 416 128 0
r 400 224 352 224 0 4700000.0
c 352 160 256 160 0 0.001 4.586918861306799E-4
l 288 192 336 192 0 1300.0 -7.793496423051935E-7
w 656 80 496 80 0
w 656 112 656 464 0
w 352 192 352 224 0
162 384 144 384 96 1 -2.7 1.0 0.0 0.0
s 256 288 256 192 0 1 true
w 384 144 384 176 0
w 288 192 256 192 0
w 352 256 400 256 2
w 416 256 416 224 0
w 480 80 496 80 0
r 384 96 432 96 0 15.0
w 384 176 432 176 0
w 448 176 448 192 0
w 432 160 432 176 0
w 432 176 448 176 0
w 352 160 352 192 0
w 256 160 256 192 0
w 352 224 336 224 0
w 336 192 336 224 0
w 400 256 400 224 0
w 400 256 416 256 0
w 480 160 528 160 0
w 528 160 608 160 0
O 352 256 304 256 1
x 174 60 300 63 0 10 Connected to xenon lamp
x 202 17 618 44 1 18 HVPE with substitution of HSD965\nto 4 x 2n4401 as 2 pair of Darlington transistor
w 352 336 352 256 0
x 442 210 497 213 0 12 Collector
x 549 154 594 157 0 12 Emitter
t 544 432 544 400 1 1 0.8077103711525195 0.790396723186169 228.0
t 560 400 560 368 1 1 0.017313647966350487 0.5755066486189286 240.0
r 560 448 560 416 0 5760.0
w 544 432 544 448 0
w 560 400 560 416 0
w 560 400 592 400 0
r 592 400 592 352 0 171.0
w 576 368 576 352 0
w 576 352 592 352 0
d 592 336 528 336 1 0.62
w 528 400 528 368 0
w 528 368 544 368 0
w 528 336 528 368 0
w 592 352 592 336 0
w 544 448 560 448 0
x 576 348 584 351 0 12 E
x 531 362 539 365 0 12 C
x 535 443 543 446 0 12 B
x 526 317 534 320 0 12 B
x 531 234 539 237 0 12 C
x 576 220 584 223 0 12 E
w 544 320 560 320 0
w 592 224 592 208 0
w 528 208 528 240 0
w 528 240 544 240 0
w 528 272 528 240 0
d 592 208 528 208 1 0.62
w 576 224 592 224 0
w 576 240 576 224 0
r 592 272 592 224 0 171.0
w 560 272 592 272 0
w 560 272 560 288 0
w 544 304 544 320 0
r 560 320 560 288 0 5760.0
t 560 272 560 240 1 1 -1.2174906163988464 0.7908156522476921 228.0
t 544 304 544 272 1 1 -0.5581930006525782 0.6592976157462682 228.0
r 608 448 608 416 0 11520.0
w 560 448 608 448 0
w 608 416 608 352 0
w 592 352 608 352 0
w 608 352 608 320 0
r 608 304 608 272 0 342.0
w 608 272 608 224 0
w 592 224 608 224 0
d 608 192 512 192 1 1.24
w 608 192 608 224 0
w 528 240 512 240 0
w 528 368 512 368 0
w 512 240 512 368 0
w 512 192 512 240 0
x 498 237 521 240 0 12 C(t)
x 597 242 620 245 0 12 E(t)
x 573 454 596 457 0 12 B(t)
w 560 320 608 320 0
w 608 320 608 304 0
w 608 160 624 160 0
w 624 160 624 224 0
w 624 224 608 224 0
w 608 448 608 464 0
w 656 464 608 464 0
w 608 464 432 464 0
w 432 464 432 432 0
w 432 432 320 432 0
w 320 400 320 432 0
c 320 400 320 352 0 3.7999999999999997E-4 13.72739357832531
w 320 432 256 432 0
w 256 432 256 288 0
w 320 352 352 352 0
w 352 336 352 352 0
w 496 240 496 192 0
w 512 240 496 240 0
o 10 64 0 35 0.001220703125 9.765625E-5 0 -1
o 11 64 0 35 0.001220703125 9.765625E-5 1 -1
